Average:     CPU    %usr   %nice    %sys %iowait    %irq   %soft  %steal  %guest  %gnice   %idle
Average:     all    1.89    0.00    6.80    0.19    0.00    1.11    0.00    0.00    0.00   90.01
Average:       0    1.80    0.00    2.29    0.00    0.00    5.56    0.00    0.00    0.00   90.34
Average:       1    0.90    0.00    3.31    0.70    0.00    0.10    0.00    0.00    0.00   94.98
Average:       2    2.81    0.00   13.13    0.00    0.00    0.30    0.00    0.00    0.00   83.77
Average:       3    2.00    0.00    6.71    0.00    0.00    0.20    0.00    0.00    0.00   91.09
Average:     CPU    %usr   %nice    %sys %iowait    %irq   %soft  %steal  %guest  %gnice   %idle
Average:     all    1.28    0.00    7.96    0.08    0.00   17.29    0.00    0.00    0.00   73.40
Average:       0    2.40    0.00   28.43    0.00    0.00   69.17    0.00    0.00    0.00    0.00
Average:       1    0.90    0.00    0.70    0.10    0.00    0.00    0.00    0.00    0.00   98.29
Average:       2    1.00    0.00    2.00    0.10    0.00    0.00    0.00    0.00    0.00   96.90
Average:       3    0.80    0.00    0.70    0.10    0.00    0.00    0.00    0.00    0.00   98.40
Average:     CPU    %usr   %nice    %sys %iowait    %irq   %soft  %steal  %guest  %gnice   %idle
Average:     all    1.99    0.00    8.17    0.22    0.00    5.20    0.00    0.00    0.00   84.41
Average:       0    0.81    0.00    3.25    0.00    0.00    6.17    0.00    0.00    0.00   89.77
Average:       1    4.41    0.00   21.34    0.10    0.00   14.93    0.00    0.00    0.00   59.22
Average:       2    1.00    0.00    3.80    0.00    0.00    0.10    0.00    0.00    0.00   95.10
Average:       3    1.30    0.00    2.40    0.70    0.00    0.00    0.00    0.00    0.00   95.59
Average:     CPU    %usr   %nice    %sys %iowait    %irq   %soft  %steal  %guest  %gnice   %idle
Average:     all    1.64    0.00   11.49    0.03    0.00   17.90    0.00    0.00    0.00   68.94
Average:       0    1.34    0.00    3.86    0.00    0.00    7.21    0.00    0.00    0.00   87.58
Average:       1    1.00    0.00    1.10    0.10    0.00    0.00    0.00    0.00    0.00   97.79
Average:       2    1.00    0.00    6.80    0.00    0.00   10.00    0.00    0.00    0.00   82.20
Average:       3    3.10    0.00   31.07    0.00    0.00   49.95    0.00    0.00    0.00   15.88
Average:     CPU    %usr   %nice    %sys %iowait    %irq   %soft  %steal  %guest  %gnice   %idle
Average:     all    1.81    0.00    9.55    0.00    0.00   10.44    0.00    0.00    0.00   78.21
Average:       0    1.17    0.00    2.17    0.00    0.00    6.67    0.00    0.00    0.00   90.00
Average:       1    1.70    0.00    3.31    0.00    0.00    0.00    0.00    0.00    0.00   94.99
Average:       2    3.11    0.00   26.18    0.00    0.00   33.50    0.00    0.00    0.00   37.21
Average:       3    1.00    0.00    3.61    0.00    0.00    0.10    0.00    0.00    0.00   95.29
Average:     CPU    %usr   %nice    %sys %iowait    %irq   %soft  %steal  %guest  %gnice   %idle
Average:     all    1.44    0.00    9.46    0.05    0.00   17.47    0.00    0.00    0.00   71.57
Average:       0    2.07    0.00   19.24    0.00    0.00   48.96    0.00    0.00    0.00   29.72
Average:       1    1.40    0.00    2.30    0.00    0.00    0.00    0.00    0.00    0.00   96.29
Average:       2    0.80    0.00    1.20    0.10    0.00    0.00    0.00    0.00    0.00   97.90
Average:       3    1.60    0.00   16.82    0.10    0.00   26.53    0.00    0.00    0.00   54.95
Average:     CPU    %usr   %nice    %sys %iowait    %irq   %soft  %steal  %guest  %gnice   %idle
Average:     all    1.89    0.00    6.71    0.22    0.00    0.92    0.00    0.00    0.00   90.26
Average:       0    0.82    0.00    2.30    0.49    0.00    4.44    0.00    0.00    0.00   91.94
Average:       1    2.91    0.00   10.93    0.20    0.00    0.30    0.00    0.00    0.00   85.66
Average:       2    1.00    0.00    2.80    0.30    0.00    0.00    0.00    0.00    0.00   95.90
Average:       3    2.40    0.00    9.10    0.00    0.00    0.30    0.00    0.00    0.00   88.20
Average:     CPU    %usr   %nice    %sys %iowait    %irq   %soft  %steal  %guest  %gnice   %idle
Average:     all    1.84    0.00    8.40    0.19    0.00    6.79    0.00    0.00    0.00   82.78
Average:       0    0.67    0.00    1.66    0.00    0.00    5.49    0.00    0.00    0.00   92.18
Average:       1    0.90    0.00    0.70    0.70    0.00    0.00    0.00    0.00    0.00   97.70
Average:       2    1.40    0.00    3.11    0.00    0.00    0.00    0.00    0.00    0.00   95.49
Average:       3    3.91    0.00   25.45    0.00    0.00   21.14    0.00    0.00    0.00   49.50
Average:     CPU    %usr   %nice    %sys %iowait    %irq   %soft  %steal  %guest  %gnice   %idle
Average:     all    1.48    0.00    8.23    0.20    0.00   17.13    0.00    0.00    0.00   72.96
Average:       0    2.80    0.00   28.77    0.00    0.00   68.43    0.00    0.00    0.00    0.00
Average:       1    1.30    0.00    1.10    0.10    0.00    0.00    0.00    0.00    0.00   97.49
Average:       2    0.70    0.00    0.90    0.70    0.00    0.00    0.00    0.00    0.00   97.70
Average:       3    1.10    0.00    2.10    0.00    0.00    0.00    0.00    0.00    0.00   96.80
Average:     CPU    %usr   %nice    %sys %iowait    %irq   %soft  %steal  %guest  %gnice   %idle
Average:     all    1.95    0.00    8.13    0.08    0.00    6.64    0.00    0.00    0.00   83.20
Average:       0    2.80    0.00    9.63    0.00    0.00    9.16    0.00    0.00    0.00   78.42
Average:       1    1.20    0.00    3.40    0.10    0.00    0.00    0.00    0.00    0.00   95.30
Average:       2    1.30    0.00    1.60    0.10    0.00    0.00    0.00    0.00    0.00   97.00
Average:       3    2.80    0.00   18.40    0.10    0.00   18.30    0.00    0.00    0.00   60.40
