Average:     CPU    %usr   %nice    %sys %iowait    %irq   %soft  %steal  %guest  %gnice   %idle
Average:     all    1.89    0.00    6.74    0.08    0.00    2.03    0.00    0.00    0.00   89.26
Average:       0    3.04    0.00   11.26    0.00    0.00   10.50    0.00    0.00    0.00   75.19
Average:       1    1.81    0.00    7.83    0.00    0.00    0.20    0.00    0.00    0.00   90.16
Average:       2    1.70    0.00    5.21    0.00    0.00    0.10    0.00    0.00    0.00   92.99
Average:       3    1.40    0.00    4.21    0.30    0.00    0.20    0.00    0.00    0.00   93.89
Average:     CPU    %usr   %nice    %sys %iowait    %irq   %soft  %steal  %guest  %gnice   %idle
Average:     all    1.25    0.00    8.21    0.18    0.00   17.21    0.00    0.00    0.00   73.15
Average:       0    2.60    0.00   28.60    0.00    0.00   68.80    0.00    0.00    0.00    0.00
Average:       1    1.10    0.00    1.10    0.10    0.00    0.00    0.00    0.00    0.00   97.70
Average:       2    0.60    0.00    0.70    0.50    0.00    0.00    0.00    0.00    0.00   98.20
Average:       3    0.70    0.00    2.40    0.10    0.00    0.00    0.00    0.00    0.00   96.80
Average:     CPU    %usr   %nice    %sys %iowait    %irq   %soft  %steal  %guest  %gnice   %idle
Average:     all    1.25    0.00    7.96    0.18    0.00   17.31    0.00    0.00    0.00   73.30
Average:       0    2.70    0.00   28.10    0.00    0.00   69.20    0.00    0.00    0.00    0.00
Average:       1    0.50    0.00    0.60    0.10    0.00    0.00    0.00    0.00    0.00   98.80
Average:       2    1.00    0.00    2.20    0.00    0.00    0.00    0.00    0.00    0.00   96.80
Average:       3    0.80    0.00    0.90    0.60    0.00    0.00    0.00    0.00    0.00   97.70
Average:     CPU    %usr   %nice    %sys %iowait    %irq   %soft  %steal  %guest  %gnice   %idle
Average:     all    2.04    0.00    6.96    0.03    0.00    1.55    0.00    0.00    0.00   89.43
Average:       0    2.06    0.00    7.78    0.00    0.00    7.46    0.00    0.00    0.00   82.70
Average:       1    1.71    0.00    4.71    0.10    0.00    0.10    0.00    0.00    0.00   93.38
Average:       2    0.90    0.00    2.00    0.00    0.00    0.00    0.00    0.00    0.00   97.09
Average:       3    3.51    0.00   13.64    0.00    0.00    0.80    0.00    0.00    0.00   82.05
Average:     CPU    %usr   %nice    %sys %iowait    %irq   %soft  %steal  %guest  %gnice   %idle
Average:     all    1.92    0.00    6.78    0.28    0.00    1.00    0.00    0.00    0.00   90.02
Average:       0    1.15    0.00    2.31    0.00    0.00    5.11    0.00    0.00    0.00   91.43
Average:       1    3.81    0.00   14.44    0.00    0.00    0.40    0.00    0.00    0.00   81.34
Average:       2    1.40    0.00    4.51    0.40    0.00    0.10    0.00    0.00    0.00   93.58
Average:       3    1.00    0.00    4.11    0.60    0.00    0.00    0.00    0.00    0.00   94.28
Average:     CPU    %usr   %nice    %sys %iowait    %irq   %soft  %steal  %guest  %gnice   %idle
Average:     all    1.43    0.00    8.08    0.23    0.00   16.54    0.00    0.00    0.00   73.73
Average:       0    3.03    0.00   28.61    0.00    0.00   66.63    0.00    0.00    0.00    1.72
Average:       1    0.80    0.00    0.70    0.30    0.00    0.00    0.00    0.00    0.00   98.20
Average:       2    1.00    0.00    2.10    0.60    0.00    0.00    0.00    0.00    0.00   96.29
Average:       3    0.90    0.00    1.10    0.00    0.00    0.00    0.00    0.00    0.00   98.00
Average:     CPU    %usr   %nice    %sys %iowait    %irq   %soft  %steal  %guest  %gnice   %idle
Average:     all    1.93    0.00    8.64    0.03    0.00    8.17    0.00    0.00    0.00   81.24
Average:       0    2.81    0.00   10.14    0.00    0.00    9.05    0.00    0.00    0.00   78.00
Average:       1    2.20    0.00   18.60    0.00    0.00   23.90    0.00    0.00    0.00   55.30
Average:       2    0.90    0.00    1.91    0.10    0.00    0.00    0.00    0.00    0.00   97.09
Average:       3    2.10    0.00    4.41    0.00    0.00    0.00    0.00    0.00    0.00   93.49
Average:     CPU    %usr   %nice    %sys %iowait    %irq   %soft  %steal  %guest  %gnice   %idle
Average:     all    1.86    0.00    8.31    0.14    0.00    6.67    0.00    0.00    0.00   83.02
Average:       0    2.43    0.00    5.99    0.00    0.00    7.61    0.00    0.00    0.00   83.98
Average:       1    1.90    0.00   10.71    0.10    0.00   11.81    0.00    0.00    0.00   75.48
Average:       2    2.00    0.00   11.62    0.10    0.00    7.62    0.00    0.00    0.00   78.66
Average:       3    1.31    0.00    4.02    0.30    0.00    0.00    0.00    0.00    0.00   94.38
Average:     CPU    %usr   %nice    %sys %iowait    %irq   %soft  %steal  %guest  %gnice   %idle
Average:     all    2.09    0.00    6.88    0.03    0.00    1.46    0.00    0.00    0.00   89.54
Average:       0    2.98    0.00    5.33    0.00    0.00    7.68    0.00    0.00    0.00   84.01
Average:       1    1.10    0.00    2.90    0.00    0.00    0.00    0.00    0.00    0.00   96.00
Average:       2    1.60    0.00    5.91    0.00    0.00    0.20    0.00    0.00    0.00   92.28
Average:       3    3.01    0.00   12.83    0.10    0.00    0.20    0.00    0.00    0.00   83.87
Average:     CPU    %usr   %nice    %sys %iowait    %irq   %soft  %steal  %guest  %gnice   %idle
Average:     all    1.45    0.00    7.76    0.00    0.00   14.25    0.00    0.00    0.00   76.54
Average:       0    3.70    0.00   28.36    0.00    0.00   59.37    0.00    0.00    0.00    8.57
Average:       1    0.90    0.00    1.90    0.00    0.00    0.00    0.00    0.00    0.00   97.20
Average:       2    0.70    0.00    0.70    0.00    0.00    0.10    0.00    0.00    0.00   98.50
Average:       3    0.60    0.00    1.20    0.00    0.00    0.00    0.00    0.00    0.00   98.20
